
1518
1641
1825
1918
1842
1653
1530
1576
1748
1897
1889
1758
1556
1529
1668
1848
1913
1817
1633
1510
1594
1781
1912
1874
1701
1552
1536
1696
1870
1914
1781
1581
1518
1617
1810
1917
1852
1680
1534
1562
1730
1893
1904
1752
1574
1523
1648
1837
1922
1832
1647
1506
1582
1765
1905
1883
1722
1558
1536
1683
1876
1931
1796
1619
1508
1605
1793
1913
1860
1693
1536
1548
1712
1879
1910
1773
1592
1516
1635
1824
1919
1842
1662
1521
1560
1749
1897
1892
1740
1569
1527
1663
1853
1923
1817
1631
1526
1595
1777
1909
1876
1717
1548
1527
1699
1872
1916
1790
1602
1515
1616
1805
1916
1857
1642
1529
1560
1725
1897
1908
1760
1584
1518
1649
1835
1921
1837
1640
1521
1587
1761
1904
1888
1727
1558
1529
1679
1859
1926
1808
1626
1521
1603
1791
1928
1861
1699
1533
1525
1716
1877
1929
1772
1589
1492
1633
1825
1923
1845
1663
1530
1571
1741
1902
1894
1746
1571
1523
1664
1848
1924
1828
1629
1403
1604
1774
1909
1880
1718
1544
1538
1693
1867
1920
1786
1607
1506
1604
1808
1923
1866
1680
1521
1549
1723
1896
1913
1764
1584
1514
1638
1827
1930
1840
1644
1528
1572
1756
1901
1915
1739
1554
1526
1673
1855
1916
1813
1624
1515
1590
1780
1919
1872
1704
1540
1550
1707
1876
1917
1785
1594
1506
1626
1818
1930
1871
1684
1502
1519
1746
1901
1912
1759
1570
1498
1663
1843
1921
1821
1641
1525
1569
1765
1912
1889
1720
1552
1539
1691
1868
1917
1815
1597
1512
1604
1799
1923
1869
1686
1545
1526
1712
1890
1911
1767
1584
1518
1645
1822
1925
1844
1656
1525
1557
1749
1907
1892
1739
1545
1529
1671
1853
1928
1819
1628
1516
1592
1782
1915
1876
1704
1547
1547
1695
1874
1916
1784
1598
1521
1624
1812
1923
1857
1673
1534
1559
1731
1896
1902
1754
1564
1489
1659
1846
1925
1832
1645
1522
1571
1762
1910
1888
1729
1555
1533
1677
1864
1931
1808
1611
1513
1609
1794
1921
1866
1695
1534
1527
1709
1888
1933
1768
1585
1509
1629
1822
1928
1860
1663
1524
1569
1741
1904
1897
1744
1569
1527
1660
1846
1929
1820
1633
1513
1581
1786
1915
1885
1714
1542
1537
1688
1877
1932
1792
1602
1514
1611
1805
1928
1866
1681
1531
1553
1722
1900
1914
1764
1578
1520
1638
1832
1932
1840
1645
1517
1575
1755
1910
1900
1736
1554
1504
1672
1864
1931
1811
1615
1518
1592
1781
1923
1882
1704
1537
1533
1699
1891
1919
1785
1594
1516
1616
1816
1933
1862
1668
1519
1551
1734
1901
1914
1765
1569
1516
1648
1845
1932
1836
1641
1518
1581
1762
1913
1894
1727
1539
1528
1679
1872
1928
1802
1610
1515
1604
1796
1928
1873
1689
1523
1531
1710
1889
1923
1775
1584
1513
1629
1828
1932
1853
1657
1524
1556
1742
1904
1912
1741
1557
1517
1659
1851
1930
1820
1634
1516
1584
1770
1918
1890
1709
1546
1531
1691
1873
1922
1797
1606
1512
1603
1807
1929
1871
1681
1526
1548
1720
1893
1917
1769
1580
1510
1636
1832
1936
1849
1661
1518
1562
1752
1921
1901
1750
1553
1488
1658
1852
1955
1848
1646
1499
1545
1784
1940
1906
1736
1518
1502
1685
1888
1942
1809
1611
1503
1603
1809
1940
1880
1691
1481
1520
1722
1907
1924
1771
1572
1493
1643
1849
1937
1840
1650
1509
1570
1756
1914
1896
1732
1553
1527
1672
1864
1930
1815
1619
1509
1597
1791
1923
1876
1695
1540
1539
1704
1885
1921
1793
1585
1513
1626
1814
1929
1860
1672
1523
1557
1733
1900
1909
1757
1574
1515
1646
1846
1937
1838
1640
1521
1577
1763
1915
1899
1723
1545
1528
1681
1870
1945
1805
1609
1512
1600
1793
1928
1883
1681
1528
1545
1712
1891
1919
1785
1586
1512
1627
1823
1935
1861
1668
1518
1562
1740
1909
1910
1754
1554
1508
1656
1855
1939
1826
1629
1512
1582
1776
1923
1893
1721
1542
1517
1688
1889
1928
1801
1607
1501
1608
1801
1934
1873
1684
1523
1545
1715
1894
1918
1777
1578
1508
1625
1833
1935
1854
1658
1516
1569
1750
1909
1907
1739
1560
1525
1665
1860
1933
1822
1627
1515
1585
1780
1925
1889
1706
1542
1532
1692
1889
1925
1806
1594
1504
1608
1811
1936
1872
1676
1499
1541
1727
1900
1931
1775
1563
1511
1651
1849
1945
1837
1664
1514
1570
1758
1928
1909
1748
1538
1517
1681
1862
1942
1816
1636
1459
1599
1790
1931
1890
1717
1521
1531
1701
1886
1929
1779
1588
1506
1618
1840
1930
1852
1664
1520
1547
1738
1909
1921
1754
1551
1502
1653
1849
1944
1846
1591
1503
1573
1771
1920
1904
1708
1540
1501
1680
1880
1940
1808
1563
1473
1598
1806
1940
1882
1689
1513
1512
1709
1902
1943
1780
1580
1503
1628
1837
1936
1851
1653
1506
1538
1761
1913
1905
1730
1541
1517
1666
1864
1940
1809
1621
1486
1599
1781
1924
1893
1716
1541
1523
1692
1888
1924
1791
1598
1505
1618
1812
1932
1869
1680
1516
1545
1731
1904
1917
1759
1566
1517
1645
1840
1935
1843
1649
1509
1558
1764
1921
1898
1732
1529
1530
1678
1872
1934
1795
1617
1512
1581
1801
1932
1881
1696
1528
1546
1711
1896
1925
1777
1594
1503
1622
1842
1937
1869
1657
1500
1544
1742
1910
1915
1769
1576
1497
1658
1858
1944
1826
1636
1477
1574
1761
1944
1901
1729
1528
1531
1691
1859
1952
1809
1593
1489
1599
1814
1941
1877
1602
1442
1497
1712
1904
1934
1769
1585
1500
1636
1841
1944
1846
1660
1506
1573
1754
1928
1911
1734
1552
1520
1673
1860
1929
1817
1623
1512
1593
1788
1929
1882
1699
1538
1542
1701
1886
1925
1787
1585
1510
1622
1822
1932
1858
1670
1524
1552
1731
1905
1915
1760
1564
1512
1651
1845
1932
1836
1635
1509
1580
1763
1919
1894
1722
1548
1530
1680
1872
1932
1808
1602
1507
1604
1799
1930
1876
1693
1531
1498
1736
1891
1936
1776
1576
1513
1633
1831
1939
1860
1659
1519
1563
1746
1912
1909
1744
1557
1519
1663
1854
1936
1837
1625
1512
1586
1784
1919
1890
1715
1542
1533
1691
1880
1928
1798
1601
1512
1616
1811
1930
1868
1681
1526
1549
1718
1899
1920
1764
1578
1519
1641
1840
1935
1845
1648
1518
1573
1758
1915
1900
1734
1553
1521
1672
1862
1936
1817
1620
1514
1597
1787
1925
1884
1706
1540
1536
1700
1891
1927
1787
1592
1513
1624
1813
1934
1866
1671
1524
1550
1736
1908
1915
1759
1545
1511
1648
1848
1936
1837
1640
1510
1581
1765
1918
1897
1725
1552
1524
1677
1872
1934
1808
1608
1513
1603
1793
1928
1883
1698
1529
1540
1712
1892
1921
1774
1588
1514
1628
1824
1937
1856
1661
1519
1561
1741
1908
1910
1751
1563
1518
1657
1853
1935
1828
1633
1517
1584
1770
1919
1893
1716
1544
1513
1688
1881
1928
1796
1608
1507
1604
1806
1930
1873
1688
1528
1542
1720
1896
1918
1776
1581
1510
1631
1833
1935
1849
1653
1518
1565
1750
1913
1910
1743
1556
1525
1667
1860
1936
1826
1627
1516
1585
1780
1929
1891
1709
1544
1533
1693
1881
1930
1796
1596
1506
1616
1813
1941
1867
1676
1529
1552
1726
1901
1918
1763
1574
1518
1648
3387
0
2249
1468
1567
1786
1924
1887
1708
1544
1535
2972
175
2076
1786
1529
1529
1681
1872
1934
1806
1605
1516
1608
1801
1930
1875
1692
1533
1548
1713
1896
3376
0
1541
1437
1878
1936
1829
1639
1517
1580
3037
6
2242
1528
1515
1704
1886
1922
1787
1588
0
3372
0
0
2724
3397
456
0
0
3400
755
0
0
3385
201
0
1336
3390
3401
887
0
2690
3390
3393
1277
0
1095
3391
3390
1469
2041
1667
1518
1549
1727
1904
1912
1759
1568
1515
1648
1840
3387
0
0
992
0
0
2207
1729
1921
1855
1652
1512
1569
1747
3400
0
0
661
704
1846
1702
1507
1584
1773
1918
1897
1718
0
508
1936
1956
1696
1541
1539
1693
1885
1930
1795
1598
1516
574
253
2041
1793
1532
1520
1671
1865
1931
1808
1613
1512
1593
1791
1925
1876
1696
0
651
1903
1942
1675
1531
1547
1712
1890
3241
0
1636
1434
1872
1937
1830
1634
1514
1575
3371
15
2201
1609
1492
1634
1830
1935
1850
1657
1521
2804
3258
223
0
0
3373
405
0
0
3384
1625
1684
1720
1528
1551
1718
1893
1920
1772
0
0
0
0
0
0
0
1318
2172
0
0
2032
3380
513
0
0
3395
599
0
0
3393
756
0
745
3388
3390
0
0
3400
3400
1129
0
2222
2112
1716
1928
1868
1677
1524
1555
1733
1905
1919
1757
1567
1509
1646
1848
1937
1838
1644
1516
1568
1763
1921
1909
1732
1554
1512
1676
1868
1940
1822
1617
1498
1601
1798
1936
1884
1698
1536
1532
1711
1892
1925
1785
1591
1510
1630
1829
1939
1859
1663
1526
1550
1744
1913
1917
1761
1561
1513
1663
1856
1947
1837
1635
1496
1574
1778
1930
1904
1722
1546
1521
1689
1880
1934
1809
1601
1510
1586
1803
1946
1896
1687
1529
1526
1712
1906
1929
1776
1577
1503
1627
1839
1945
1864
1656
1512
1556
1754
1924
1906
1744
1586
1503
1668
1864
1937
1828
1624
1497
1568
1789
1934
1892
1705
1536
1520
1700
1889
1955
1840
1584
1484
1626
1818
1953
1877
1676
1503
1556
1727
1917
1922
1763
1568
1508
1648
1844
1943
1845
1632
1485
1572
1765
1919
1904
1748
1545
1513
1675
1875
1937
1813
1613
1514
1601
1796
1935
1883
1697
1534
1545
1712
1899
1925
1777
1590
1509
1622
1832
1936
1864
1666
1528
1550
1741
1913
1921
1749
1590
1502
1663
1856
1938
1832
1641
1509
1573
1782
1933
1905
1735
1529
1421
1705
1885
1930
1829
1668
1470
1599
1808
1944
1970
1737
1515
1397
1821
1905
1945
1774
1538
1403
1634
1815
1947
1872
1649
1460
1541
1760
1916
1925
1717
1555
1471
1668
1872
1949
1861
1631
1506
1580
1787
1943
1929
1734
1500
1532
1707
1887
1937
1798
1591
1512
1624
1820
1944
1864
1673
1517
1549
1734
1906
1918
1762
1567
1493
1653
1851
1939
1836
1636
1497
1574
1770
1925
1899
1726
1546
1529
1683
1859
1952
1812
1605
1500
1589
1813
1957
1882
1682
1534
1525
1717
1893
1949
1784
1587
1497
1639
1834
1952
1874
1644
1512
1564
1753
1922
1941
1726
1542
1489
1667
1873
1939
1824
1587
1492
1593
1785
1933
1882
1694
1522
1532
1700
1887
1942
1812
1593
1502
1599
1821
1940
1873
1680
1507
1549
1732
1909
1936
1755
1562
1512
1650
1850
1944
1843
1636
1507
1573
1770
1931
1909
1747
1550
1509
1681
1878
1957
1841
1613
1486
1599
1799
1941
1889
1684
1512
1538
1702
1897
1966
1790
1566
1471
1634
1830
1940
1867
1639
1509
1552
1746
1914
1926
1781
1573
1477
1665
1864
1949
1829
1636
1501
1585
1777
1938
1915
1732
1538
1514
1692
1891
1937
1805
1597
1506
1610
1816
1957
1880
1693
1512
1546
1726
1917
1944
1777
1578
1497
1608
1885
1965
1852
1675
1521
1545
1771
1926
1936
1749
1523
1517
1679
1873
1956
1845
1572
1445
1569
1797
1960
1899
1704
1476
1519
1709
1907
1937
1792
1586
1488
1634
1833
1941
1864
1665
1519
1561
1754
1916
1913
1747
1545
1507
1664
1860
1936
1827
1625
1511
1588
1781
1926
1891
1713
1536
1520
1700
1886
1936
1796
1608
1508
1620
1816
1945
1873
1683
1521
1556
1729
1919
1936
1781
1566
1500
1645
1852
1945
1852
1636
1511
1568
1765
1929
1904
1725
1537
1503
1680
1883
1933
1807
1609
1512
1599
1803
1937
1893
1699
1531
1531
1719
1901
1941
1776
1577
1507
1631
1834
1955
1865
1652
1510
1555
1772
1919
1913
1749
1532
1506
1672
1866
1944
1834
1611
1507
1584
1791
1929
1894
1706
1531
1525
1707
1893
1938
1800
1601
1506
1624
1823
1945
1867
1669
1530
1547
1737
1915
1930
1756
1550
1493
1660
1856
1941
1845
1635
1512
1570
1773
1927
1904
1720
1545
1520
1688
1885
1938
1802
1592
1509
1611
1810
1941
1877
1680
1524
1554
1726
1904
1924
1772
1569
1508
1648
1848
1938
1841
1642
1514
1572
1769
1923
1912
1732
1540
1523
1683
1874
1940
1811
1609
1508
1601
1804
1941
1887
1693
1530
1531
1714
1908
1949
1777
1581
1490
1634
1837
1940
1851
1659
1514
1557
1753
1919
1912
1741
1553
1514
1673
1871
1938
1829
1627
1509
1585
1791
1941
1896
1708
1533
1464
1712
1898
1936
1795
1588
1502
1624
1831
1945
1860
1665
1514
1557
1746
1915
1917
1746
1560
1523
1662
1864
1941
1829
1624
1501
1592
1783
1929
1897
1696
1536
1541
1702
1885
1934
1797
1589
1511
1619
1824
1941
1869
1671
1517
1552
1736
1914
1917
1756
1563
1521
1659
1855
1939
1833
1635
1509
1584
1778
1934
1896
1722
1539
1530
1695
1885
1933
1798
1600
1512
1617
1814
1938
1869
1676
1525
1557
1730
1907
1921
1761
1565
1517
1654
1852
1938
1836
1640
1509
1583
1770
1926
1900
1718
1548
1530
1685
1878
1932
1805
1605
1514
1612
1812
1936
1873
1680
1527
1549
1729
1904
1921
1761
1571
1516
1650
1848
1945
1840
1641
1514
1575
1770
1926
1902
1724
1552
1532
1684
1880
1934
1806
1605
1513
1611
1809
1935
1872
1687
1533
1552
1725
1905
1921
1768
1577
1517
1648
1845
1940
1841
1645
1519
1578
1766
1921
1902
1725
1552
1529
1680
1877
1938
1813
1610
1512
1607
1809
1934
1874
1690
1531
1547
1723
1904
1925
1769
1581
1511
1642
1841
1938
1845
1649
1518
1575
1762
1924
1901
1728
1550
1529
1683
1875
1936
1813
1608
1512
1606
1804
1936
1877
1688
1533
1549
1721
1901
1924
1772
1577
1514
1641
1844
1940
1843
1649
1516
1574
1765
1922
1904
1732
1553
1528
1680
1875
1936
1808
1606
1510
1609
1805
1932
1878
1695
1531
1536
1730
1907
1925
1768
1578
1501
1646
1845
1945
1845
1645
1515
1577
1767
1926
1915
1735
1546
1526
1681
1880
1937
1809
1608
1502
1601
1810
1933
1879
1693
1525
1550
1726
1907
1933
1771
1569
1510
1647
1848
1943
1839
1644
1517
1577
1768
1922
1897
1729
1545
1527
1689
1877
1936
1808
1601
1507
1614
1811
1935
1874
1683
1525
1554
1731
1907
1923
1766
1573
1518
1651
1851
1940
1840
1641
1512
1576
1776
1928
1900
1720
1541
1533
1690
1881
1935
1797
1597
1510
1617
1819
1936
1871
1675
1525
1560
1736
1912
1920
1755
1569
1515
1656
1856
1944
1833
1633
1512
1570
1779
1945
1902
1714
1542
1531
1694
1892
1941
1798
1603
1467
1625
1825
1946
1890
1680
1507
1532
1733
1919
1940
1760
1570
1491
1657
1862
1957
1835
1652
1483
1573
1784
1939
1896
1746
1525
1509
1707
1898
1937
1796
1592
1507
1624
1833
1951
1881
1665
1517
1564
1753
1915
1913
1744
1558
1511
1667
1866
1939
1824
1618
1508
1592
1799
1936
1884
1652
1534
1534
1713
1899
1928
1781
1589
1512
1638
1837
1944
1851
1665
1505
1562
1759
1919
1914
1750
1567
1493
1669
1880
1947
1824
1616
1503
1597
1809
1949
1897
1725
1520
1537
1725
1912
1929
1808
1573
1481
1632
1850
1968
1855
1654
1516
1558
1777
1929
1929
1754
1545
1516
1692
1881
1933
1804
1617
1500
1609
1824
1946
1876
1689
1520
1540
1736
1913
1918
1758
1566
1502
1651
1861
1942
1829
1624
1508
1586
1781
1929
1904
1719
1540
1535
1701
1891
1932
1795
1584
1507
1625
1827
1944
1869
1661
1523
1560
1752
1931
1910
1764
1554
1520
1667
1869
1949
1818
1626
1513
1593
1791
1934
1891
1704
1538
1538
1715
1899
1926
1777
1589
1516
1640
1841
1945
1846
1652
1515
1568
1761
1923
1918
1728
1552
1524
1684
1881
1947
1808
1604
1510
1603
1809
1938
1884
1688
1524
1547
1733
1908
1929
1765
1497
1509
1654
1849
1945
1840
1645
1512
1581
1775
1929
1907
1716
1541
1528
1696
1885
1936
1798
1605
1504
1618
1820
1947
1877
1670
1518
1548
1739
1916
1922
1749
1573
1510
1662
1859
1943
1827
1629
1514
1568
1787
1933
1892
1704
1531
1536
1709
1893
1942
1785
1588
1509
1632
1833
1945
1861
1667
1520
1565
1753
1922
1925
1740
1559
1513
1675
1871
1946
1818
1588
1509
1596
1805
1936
1891
1694
1531
1531
1721
1904
1933
1774
1581
1512
1640
1844
1948
1846
1639
1514
1569
1769
1924
1922
1722
1557
1521
1684
1880
1950
1805
1609
1509
1611
1813
1937
1883
1677
1524
1548
1736
1909
1925
1761
1557
1519
1656
1853
1942
1837
1637
1513
1569
1791
1928
1900
1710
1540
1528
1702
1893
1942
1796
1597
1506
1608
1864
1936
1851
1642
1517
1560
1749
1940
1932
1766
1553
1493
1658
1867
1983
1813
1562
1500
1594
1796
1948
1908
1705
1514
1514
1709
1899
1933
1795
1578
1511
1637
1841
1940
1852
1652
1515
1571
1760
1924
1907
1730
1550
1531
1684
1877
1936
1807
1606
1510
1609
1811
1940
1873
1682
1529
1553
1730
1906
1923
1764
1570
1516
1656
1855
1940
1837
1639
1513
1583
1779
1929
1898
1715
1541
1536
1699
1889
1935
1797
1596
1513
1624
1824
1940
1865
1665
1520
1563
1744
1914
1913
1746
1560
1520
1664
1864
1937
1823
1624
1512
1595
1791
1932
1887
1701
1535
1546
1712
1900
1930
1778
1583
1511
1639
1838
1943
1855
1653
1522
1574
1761
1922
1909
1732
1551
1528
1684
1876
1938
1810
1608
1512
1608
1810
1936
1878
1681
1523
1552
1731
1910
1919
1765
1569
1518
1654
1856
1944
1837
1637
1516
1585
1782
1933
1898
1713
1544
1533
1696
1893
1937
1792
1592
1509
1624
1829
1944
1860
1668
1518
1561
1749
1914
1911
1744
1552
1505
1674
1868
1938
1821
1617
1512
1597
1797
1937
1885
1695
1530
1546
1718
1901
1928
1780
1573
1512
1643
1844
1941
1846
1648
1509
1580
1772
1928
1905
1726
1547
1521
1692
1886
1937
1809
1602
1507
1610
1821
1939
1876
1672
1524
1556
1743
1912
1919
1754
1567
1520
1661
1860
1945
1825
1632
1515
1587
1792
1931
1891
1705
1522
1536
1709
1899
1945
1783
1586
1513
1636
1836
1941
1856
1656
1518
1569
1760
1924
1906
1732
1549
1525
1680
1879
1939
1813
1608
1511
1608
1804
1940
1874
1705
1518
1493
1726
1913
1930
1765
1569
1517
1655
1853
1943
1836
1638
1512
1569
1785
1928
1896
1711
1546
1536
1701
1893
1935
1792
1594
1507
1627
1832
1942
1859
1664
1516
1564
1754
1919
1912
1741
1555
1528
1672
1874
1941
1823
1613
1513
1606
1803
1936
1884
1691
1529
1542
1724
1905
1929
1769
1571
1515
1648
1848
1946
1842
1641
1513
1577
1776
1929
1900
1717
1543
1527
1697
1889
1936
1794
1596
1512
1624
1826
1940
1865
1666
1525
1564
1750
1918
1916
1744
1559
1521
1672
1869
1942
1821
1620
1510
1600
1801
1936
1881
1697
1529
1549
1721
1903
1926
1771
1576
1515
1643
1847
1941
1843
1641
1517
1583
1773
1932
1903
1725
1547
1525
1697
1888
1952
1788
1597
1505
1620
1825
1941
1864
1672
1495
1563
1745
1917
1920
1747
1561
1515
1670
1872
1941
1823
1622
1513
1595
1798
1939
1887
1695
1530
1544
1718
1902
1928
1780
1577
1512
1643
1849
1944
1847
1641
1518
1582
1770
1929
1901
1725
1544
1532
1693
1886
1934
1803
1600
1512
1621
1821
1941
1865
1668
1524
1563
1746
1924
1917
1755
1563
1520
1665
1867
1949
1826
1631
1509
1571
1794
1940
1887
1696
1529
1509
1719
1908
1931
1795
1576
1505
1629
1845
1952
1848
1661
1500
1551
1745
1942
1903
1731
1550
1500
1692
1888
1941
1825
1613
1484
1617
1822
1941
1865
1675
1505
1542
1745
1921
1917
1749
1561
1522
1667
1862
1941
1825
1619
1509
1593
1794
1937
1884
1697
1535
1545
1720
1902
1929
1776
1581
1517
1645
1844
1944
1845
1641
1513
1581
1772
1928
1900
1723
1544
1530
1693
1887
1936
1800
1596
1512
1620
1823
1941
1864
1671
1524
1559
1748
1919
1919
1745
1562
1521
1668
1868
1938
1819
1617
1513
1598
1796
1935
1884
1696
1531
1549
1719
1900
1925
1778
1578
1512
1644
1849
1942
1844
1644
1516
1579
1776
1928
1901
1721
1544
1535
1697
1886
1936
1798
1600
1512
1624
1826
1943
1865
1666
1522
1565
1748
1918
1915
1749
1551
1519
1667
1871
1938
1823
1622
1511
1600
1800
1936
1884
1696
1529
1549
1725
1904
1923
1775
1580
1515
1643
1849
1946
1844
1641
1517
1580
1774
1926
1901
1722
1542
1532
1697
1888
1936
1794
1599
1514
1622
1824
1939
1865
1673
1523
1561
1752
1919
1915
1747
1561
1522
1670
1869
1944
1824
1618
1511
1596
1799
1937
1882
1697
1534
1538
1723
1906
1924
1772
1579
1517
1644
1847
1943
1848
1645
1517
1578
1773
1926
1900
1722
1545
1533
1692
1885
1938
1797
1596
1515
1624
1824
1937
1869
1672
1520
1560
1744
1919
1916
1749
1563
1520
1666
1865
1941
1825
1624
1512
1590
1801
1936
1885
1697
1537
1544
1714
1903
1936
1776
1577
1514
1640
1841
1945
1849
1649
1517
1578
1771
1929
1916
1725
1542
1531
1691
1885
1937
1805
1585
1507
1613
1817
1944
1875
1703
1514
1552
1738
1912
1918
1759
1562
1518
1663
1861
1942
1827
1619
1451
1588
1812
1933
1890
1705
1535
1541
1709
1900
1936
1786
1584
1514
1637
1840
1943
1855
1622
1514
1571
1761
1923
1912
1737
1552
1531
1686
1881
1937
1810
1607
1512
1612
1814
1941
1880
1683
1525
1554
1733
1909
1920
1766
1571
1520
1656
1859
1944
1834
1634
1514
1589
1781
1932
1894
1713
1542
1536
1707
1892
1931
1789
1591
1514
1627
1833
1944
1861
1660
1519
1572
1754
1919
1910
1745
1560
1525
1676
1872
1940
1819
1619
1513
1602
1800
1937
1884
1692
1532
1538
1727
1908
1928
1777
1585
1512
1648
1848
1944
1850
1644
1519
1579
1772
1928
1904
1725
1545
1531
1686
1885
1940
1802
1599
1514
1618
1820
1939
1873
1677
1521
1559
1740
1917
1918
1753
1563
1522
1662
1861
1942
1830
1631
1512
1594
1788
1931
1889
1708
1538
1536
1709
1897
1933
1787
1591
1513
1631
1835
1943
1856
1656
1517
1565
1759
1921
1913
1740
1550
1525
1681
1876
1941
1816
1613
1512
1601
1804
1943
1888
1700
1536
1510
1725
1913
1931
1776
1568
1482
1636
1851
1954
1855
1673
1490
1555
1773
1937
1918
1738
1553
1486
1676
1896
1961
1813
1600
1513
1620
1819
1941
1872
1679
1524
1560
1740
1915
1919
1754
1568
1519
1662
1861
1940
1835
1628
1466
1597
1791
1936
1894
1712
1537
1535
1708
1895
1935
1802
1589
1511
1630
1830
1940
1858
1661
1521
1567
1755
1923
1913
1741
1557
1529
1676
1869
1938
1821
1616
1517
1605
3394
0
2321
1436
1545
1747
1913
1917
1752
1565
1517
1662
1861
1942
1830
1630
1513
1580
1784
1932
1892
1702
1534
1539
1704
1893
1931
1784
1588
1513
1630
1828
1939
1858
1663
1520
1561
1751
1918
1912
1743
1555
1522
1669
1867
1936
1816
1617
1513
1601
1797
1936
1884
1698
1534
1544
1716
1900
1926
1777
1582
1517
1637
1840
1942
1849
1652
1512
1567
1760
1921
1904
1732
1548
1526
1683
1875
1937
1813
1605
1509
1609
1805
1934
1873
1683
1528
1552
1728
1903
1918
1764
1575
1513
1644
1849
1940
1844
1641
1515
1584
1773
1929
1912
1721
1547
1531
1692
1884
1936
1813
1599
1504
1618
1813
1933
1896
1677
1523
1549
1735
1913
1917
1756
1567
1514
1656
1854
1944
1840
1631
1513
1585
1783
1931
1893
1713
1541
1534
1700
1891
1936
1796
1592
1512
1621
1825
1940
1861
1664
1520
1564
1746
1916
1913
1746
1562
1516
1662
1865
1941
1823
1621
1512
1592
1789
1930
2501
0
1341
1517
1948
1928
1781
1558
1494
1649
1849
1940
1836
1635
1512
1580
1771
1929
1900
1734
1534
1528
1688
1880
1936
1797
1602
1511
1610
1812
1941
1869
1682
1521
1544
1742
1912
1923
1762
1564
1492
1658
1868
1951
1851
1624
1494
1582
1789
1930
1906
1716
1524
1530
1701
1892
1948
1821
1593
1500
1624
1828
1944
1859
1673
1515
1556
1747
1919
1917
1749
1557
1514
1665
1865
1949
1829
1625
1509
1593
1790
1930
1889
1701
1537
1540
1708
1906
1945
1784
1580
1509
1630
1830
1942
1859
1657
1516
1562
1754
1924
1915
1739
1554
1521
1665
1872
1940
1824
1616
1505
1596
1797
1931
1890
1696
1528
1524
1715
1901
1925
1785
1573
1512
1636
1835
1948
1858
1624
1510
1570
1758
1922
1909
1730
1549
1519
1674
1872
1944
1821
1611
1504
1598
1800
1934
1898
1686
1528
1541
1721
1904
1928
1776
1572
1494
1642
1843
1942
1838
1652
1509
1569
1764
1922
1907
1731
1540
1520
1677
1878
1939
1809
1608
1506
1606
1808
1938
1885
1697
1522
1519
1728
1908
1925
1766
1573
1516
1644
1848
1941
1846
1644
1509
1577
1767
1925
1899
1741
1532
1522
1683
1883
1938
1806
1589
1505
1610
1809
1945
1877
1684
1522
1544
1727
1920
1923
1769
1565
1505
1646
1851
1944
1845
1648
1488
1554
1772
1931
1901
1724
1543
1519
1686
1881
1948
1800
1596
1508
1609
1816
1944
1872
1676
1525
1543
1731
1914
1920
1759
1571
1520
1654
1853
1944
1837
1635
1511
1570
1777
1930
1897
1718
1545
1514
1691
1887
1948
1808
1598
1506
1612
1819
1939
1870
1677
1524
1554
1732
1913
1920
1759
1566
1510
1651
1856
1940
1833
1622
1517
1573
1778
1931
1925
1727
1541
1485
1686
1888
1942
1804
1599
1501
1601
1821
1944
1880
1676
1524
1554
1736
1918
1923
1761
1544
1509
1650
1857
1945
1834
1637
1511
1583
1780
1953
1893
1717
1544
1531
1694
1886
1936
1800
1594
1506
1616
1819
1938
1867
1684
1506
1555
1733
1912
1920
1757
1565
1516
1656
1853
1944
1838
1640
1488
1572
1780
1933
1897
1715
1543
1532
1691
1884
1937
1797
1597
1508
1611
1816
1941
1870
1678
1522
1553
1731
1910
1920
1760
1572
1509
1652
1855
1941
1840
1637
1506
1577
1776
1928
1899
1720
1542
1526
1688
1887
1937
1802
1599
1505
1615
1816
1936
1872
1682
1526
1549
1729
1912
1919
1761
1570
1516
1647
1853
1946
1840
1638
1514
1580
1770
1928
1900
1727
1547
1529
1684
1878
1938
1803
1603
1510
1602
1810
1936
1877
1681
1524
1552
1726
1906
1928
1766
1576
1498
1643
1848
1944
1849
1641
1514
1565
1768
1925
1901
1731
1545
1525
1682
1877
1942
1814
1605
1512
1606
1803
1938
1881
1689
1530
1537
1721
1904
1931
1785
1574
1502
1631
1844
1948
1860
1661
1514
1543
1760
1924
1928
1739
1578
1498
1667
1876
1949
1825
1626
1504
1568
1810
1945
1914
1713
1528
1487
1701
1903
1951
1804
1608
1490
1605
1827
1948
1862
1653
1515
1561
1755
1922
1910
1744
1550
1520
1666
1866
1946
1824
1621
1509
1597
1792
1936
1887
1702
1539
1536
1708
1896
1932
1793
1580
1510
1624
1825
1942
1866
1667
1504
1561
1745
1915
1919
1750
1570
1513
1659
1864
1948
1834
1640
1505
1582
1784
1941
1897
1716
1538
1523
1693
1888
1937
1793
1598
1509
1617
1817
1937
1897
1673
1525
1546
1738
1917
1944
1759
1550
1497
1640
1849
1942
1843
1656
1499
1541
1785
1929
1900
1740
1556
1500
1679
1884
1968
1901
1599
1502
1601
1813
1949
1912
1742
1501
1488
1710
1919
1933
1794
1582
1477
1625
1849
1953
1853
1663
1509
1570
1765
1928
1911
1734
1550
1508
1673
1880
1944
1828
1640
1499
1588
1798
1941
1899
1702
1529
1538
1714
1899
1928
1781
1582
1508
1620
1840
1948
1857
1663
1510
1561
1752
1918
1915
1744
1544
1504
1668
1869
1947
1826
1614
1512
1587
1789
1938
1922
1702
1508
1511
1704
1904
1952
1849
1588
1395
1630
1828
1968
1902
1695
1521
1540
1736
1944
2042
1772
1552
1458
1653
1860
1979
1901
1667
1280
1594
1792
1980
1929
1802
1486
1434
1688
1896
1994
1817
1665
1346
1575
1795
1992
1933
1686
1364
1469
1742
1922
1992
1885
1460
1466
1620
1864
1995
1861
1612
1500
1512
1782
1929
1907
1744
1532
1503
1594
1926
1978
1816
1613
1456
1554
1808
1960
1898
1692
1532
1521
1704
1901
1967
1832
1537
1480
1628
1842
1960
1853
1595
1510
1497
1770
1938
1928
1724
1532
1450
1668
1876
1952
1844
1614
1457
1548
1792
1978
1901
1713
1495
1500
1694
1937
1948
1805
1585
1498
1606
1844
1955
1901
1671
1516
1472
1742
1940
1960
1787
1547
1426
1640
1862
2006
1864
1618
1462
1532
1787
1953
1934
1731
1488
1493
1681
1901
1973
1774
1611
1475
1592
1836
1966
1912
1668
1335
1483
1728
1928
1974
1816
1564
1404
1622
1839
1978
1884
1702
1460
1517
1768
1926
1917
1742
1557
1429
1667
1868
1965
1839
1605
1444
1585
1800
1963
1907
1711
1464
1518
1707
1900
1964
1798
1595
1482
1614
1850
1949
1872
1666
1511
1530
1736
1928
1936
1770
1571
1472
1656
1864
1951
1841
1640
1514
1574
1772
1929
1904
1728
1538
1525
1685
1881
1936
1808
1594
1433
1595
1836
1961
1905
1684
1459
1406
1745
1910
1986
1768
1593
1505
1609
1864
1965
1953
1654
1459
1553
1766
1906
2019
1730
1544
1414
1657
1864
1944
1904
1608
1454
1506
1788
1944
1945
1721
1512
1473
1697
1918
1944
1873
1589
1516
1605
1814
1932
1862
1698
1457
1540
1740
1912
1934
1790
1578
1465
1637
1859
1969
1849
1662
1493
1558
1766
1938
1921
1741
1554
1499
1678
1878
1964
1829
1612
1482
1601
1797
1936
1896
1710
1528
1524
1714
1898
1940
1798
1575
1474
1622
1840
